2716.7
3037.95
3038.49
3085.79
3082.11
3081.46
3095.73
3103.17
3120.67
3091.49
3102.29
3082.64
3094.24
3085.49
3070.91
3089.02
3066.34
3036.39
2998.17
3006.85
2981.25
2980.43
2965.83
2999.04
3019.64
3017.15
3021.47
2985.26
2970.97
2937.78
2926.34
2922.6
2908.94
2914.46
2902.28
2886.52
2876.91
2869.88
2874.45
2885.97
2902.36
2905.4
2912.52
2885.61
2906.24
2902.55
2928.11
2904.28
2889.55
2911.35
2907.74
2913.02
2913.0
2949.96
2993.98
2978.15
2992.04
2977.7
2964.58
2924.34
2944.84
2949.46
2979.04
2958.69
2940.47
2944.01
2952.97
2945.6
2933.9
2982.34
2979.99
2992.61
3005.66
2993.96
2954.82
2923.71
2902.08
2905.76
2927.92
2929.49
2964.48
2977.67
2979.48
2998.4
3004.81
2992.92
2984.08
3023.71
3041.92
3016.63
3029.93
3027.41
3023.78
2996.62
2972.66
2927.75
2925.94
2886.94
2907.38
2896.0
2901.63
2879.52
2851.02
2885.15
2887.66
2875.47
2879.08
2835.52
2817.57
2762.34
2824.49
2798.05
2781.98
2805.59
2784.18
2789.02
2776.99
2854.58
2861.33
2920.85
2944.4
2946.26
2943.92
2928.06
2923.19
2907.93
2886.9
2925.79
2909.68
2921.74
2933.02
2938.64
2921.55
2915.34
2928.06
2935.19
2928.82
2997.81
3004.74
3015.68
3031.83
3042.58
3024.62
2992.24
2982.61
2964.62
3004.91
3004.29
2990.37
2917.33
2944.12
2891.09
2880.42
2913.0
2905.29
2917.22
2854.07
2833.01
2862.33
2882.94
2887.64
2901.74
2904.5
2903.42
2894.83
2890.27
2851.28
2847.84
2880.84
2905.52
2867.71
2874.8
2955.77
2933.5
2902.64
2872.83
2905.07
2878.23
2871.2
2873.14
2914.29
2984.73
3052.62
3090.63
3108.16
3190.59
3203.56
3211.87
3278.49
3250.15
3261.07
3250.15
3164.4
3233.46
3184.86
3241.55
3224.65
3240.39
3271.27
3233.69
3159.15
3183.27
3111.66
3000.68
3009.8
3012.26
3057.56
3058.8
3100.73
3094.12
3084.17
3099.9
3027.8
3000.88
3013.6
3062.33
3049.08
2969.08
3038.34
3103.67
3060.43
3019.88
3015.94
2954.4
2950.05
2939.93
2969.1
2838.39
2749.46
2759.94
2761.06
2759.5
2699.82
2712.79
2715.54
2674.52
2654.03
2613.17
2597.78
2581.33
2584.75
2592.35
2615.71
2596.26
2584.65
2575.26
2609.64
2599.06
2567.74
2573.58
2569.07
2537.37
2553.33
2539.55
2543.85
2536.42
2530.3
2528.7
2446.02
2461.78
2497.88
2483.62
2527.72
2501.12
2503.95
2506.74
2526.55
2544.51
2578.68
2583.63
2587.26
2627.28
2607.14
2608.11
2587.01
2589.19
2609.34
2629.82
2629.83
2651.56
2647.13
2564.56
2613.78
2575.45
2585.83
2580.84
2640.67
2655.9
2619.82
2684.29
2681.9
2669.78
2632.14
2648.31
2600.5
2593.2
2621.24
2660.09
2659.84
2660.72
2665.43
2649.25
2617.03
2573.01
2538.57
2593.59
2610.9
2540.93
2579.97
2652.65
2565.64
2460.08
2544.91
2574.31
2567.76
2605.91
2574.04
2643.07
2723.72
2713.73
2768.21
2794.26
2805.79
2785.32
2775.07
2733.87
2732.17
2694.8
2644.3
2671.29
2688.78
2679.21
2659.74
2668.49
2698.01
2696.68
2697.58
2741.38
2720.65
2716.4
2730.11
2769.33
2774.86
2782.29
2736.32
2717.08
2714.87
2731.96
2700.34
2673.07
2723.89
2691.43
2777.25
2780.74
2769.02
2791.4
2729.58
2771.13
2711.74
2736.53
2763.4
2815.34
2882.51
2866.9
2871.94
2879.69
2905.79
2911.45
2862.27
2815.2
2769.75
2791.02
2801.78
2806.89
2827.08
2831.43
2771.04
2780.7
2819.71
2752.45
2731.35
2755.34
2776.63
2774.57
2841.58
2789.81
2799.9
2842.4
2829.99
2903.45
2855.58
2912.0
2889.98
2982.65
3037.45
3038.07
3071.46
3053.03
3057.34
3100.6
3121.18
3109.17
3088.01
3083.43
3084.75
3061.83
3081.14
3129.62
3136.81
3148.41
3167.94
3205.44
3211.25
3206.18
3151.08
3170.01
3180.23
3180.42
3167.04
3179.8
3169.05
3160.14
3135.3
3094.9
3093.12
3074.52
3087.41
3082.41
3119.5
3112.4
3069.75
3063.44
3105.46
3094.27
3091.91
3112.97
3152.89
3192.04
3203.28
3197.37
3144.26
3125.44
3147.05
3130.01
3169.78
3161.79
3127.26
3130.57
3164.8
3117.32
3172.77
3281.27
3299.73
3257.22
3264.93
3290.21
3277.51
3298.67
3324.12
3319.21
3291.43
3268.35
3288.86
3266.49
3255.87
3248.45
3235.09
3264.06
3328.67
3307.3
3275.43
3237.57
3188.25
3176.11
3128.37
3172.85
3281.05
3412.74
3418.01
3411.67
3419.22
3478.67
3470.51
3511.5
3563.64
3535.49
3555.17
3553.48
3504.34
3476.99
3481.62
3449.88
3438.58
3403.47
3428.95
3423.88
3415.59
3414.11
3406.11
3391.55
3386.46
3371.0
3347.74
3314.03
